1.200312881595366634e+07
2.830162837908757851e+06
2.052736015875287727e+07
1.606376589117391733e+06
4.785961362004499533e+05
5.703974361128893681e+06
6.888883876977387117e+05
4.823880033150999225e+05
1.907967573610792169e+06
1.133631062446868309e+05
4.191656657930801623e+06
4.965183902454175986e+05
4.190044985149739310e+06
1.847738359484086279e+06
1.463878779446131957e+05
1.168147596101794159e+06
1.589893805792975705e+06
3.150536552342314739e+06
4.078921243655363214e+05
1.231362730785701569e+05
2.118015699876930565e+06
1.182325652009308105e+05
1.183632389840273419e+06
4.787284550232110545e+06
5.788670513625516323e+05
9.574790174958569929e+06
4.096302898261006339e+05
1.099321392304935260e+06
1.744530592554827221e+06
1.470552070951933507e+06
4.951533173596907873e+05
3.468862126070311759e+06
5.675893276329012588e+06
2.496188189916041493e+07
4.651479711065155570e+05
1.462849451991394348e+07
7.775193594213300385e+05
1.288812115096280817e+06
4.543009440537465853e+05
1.017363583240312152e+07
2.684760711384945549e+06
7.235160741977255791e+06
4.601428572708005086e+05
2.037297650025105977e+05
3.452957469689227175e+06
1.084693197677286901e+07
6.562785182718955912e+06
3.445522411792613566e+05
9.951935938576986082e+05
1.477755985921952641e+06
1.527875673336534761e+06
2.279359498762680741e+05
4.056664738306376152e+06
2.185381104833983991e+05
2.127630836879422888e+06
3.524145165971859242e+05
5.846801970987685956e+06
4.574151950457937084e+06
2.959834765706443693e+06
6.965813798920736881e+05
1.098261658815890364e+07
4.079784106746168807e+06
3.985302290605481714e+06
3.188410293988137273e+05
3.457747374592222041e+05
2.808004139513926115e+06
3.829845453695742763e+05
1.382699095631741174e+07
6.570369192145353882e+05
9.052382769944849424e+05
2.675750104512815014e+05
2.525612475098152936e+05
3.448952692676534643e+05
1.606879739720908692e+06
7.997517749687853502e+05
1.960270223316384479e+06
8.545048155911158537e+05
1.070363781115487963e+07
1.947793213049895596e+06
3.754014824860766530e+06
2.219656758497030009e+06
7.459533660071891733e+06
4.392076733632585034e+06
8.098618232212869450e+06
3.009662265894541517e+06
3.101475984603050747e+05
4.324696632665530196e+05
9.320442775913883233e+05
4.434369884516284219e+05
1.482489473185633542e+06
8.788814253815041156e+05
2.237539069020716939e+06
2.913382644876912236e+06
2.157806985335563368e+05
2.969515353063730290e+05
1.970242021189886436e+05
4.727510561295230873e+06
1.979782447365563596e+06
1.152713627497780137e+06
5.434234566301539307e+05
1.659632542548905360e+06
3.155549511182237184e+05
3.471919194004394813e+05
5.755820353165359236e+06
6.789380450095223263e+06
1.080245009168735938e+06
2.614855155063636601e+06
2.730150301111023873e+06
2.601540525730746449e+05
6.458290634872694500e+05
6.698042497851646505e+06
3.388926573301448952e+05
8.308071644005903043e+06
3.907264242712091189e+06
1.555828312266832218e+06
7.606470010295966640e+05
5.324936635004940908e+05
2.419626776313047856e+06
3.747181281183357816e+06
1.438855930588482879e+06
8.532940061232712120e+06
1.468005463404762093e+06
3.824832154722602107e+06
1.700147098437935056e+05
7.237491020976706641e+05
3.115400441430580802e+06
2.617353037308960047e+05
7.605652255895833485e+06
1.573923394457611488e+06
1.604148622266496532e+06
7.579754715601057978e+05
9.450225908040139824e+06
1.160203004347105324e+07
1.816962001074311847e+05
1.530283914804259839e+05
7.231284557977493387e+05
1.107899373274875432e+07
1.406020717196891492e+05
2.084427124621192343e+05
4.756834130158722401e+05
4.299919089769119397e+06
2.673859595372734591e+06
2.653096563024028437e+05
3.634711563130024588e+05
5.173364945791544393e+06
1.337370173772996059e+05
2.413211736706557276e+05
3.473923746902517974e+06
1.905447520126821473e+05
1.563418023875619692e+05
3.702070482446170063e+05
1.342980263980551099e+05
2.400705788537235640e+05
1.259736504364975495e+06
8.207689975602586754e+06
7.417415870099462336e+05
9.060518580002494156e+06
5.472846993938750587e+06
3.092219497427158989e+06
1.035878404429560900e+07
1.974337711188953370e+06
1.460889046373399161e+07
5.368785460696704686e+06
5.574053518405200448e+05
1.031339371540493681e+06
1.835223145777999237e+07
6.597979398327207309e+04
2.302972821491912007e+06
1.118793605112466263e+06
4.044910986025192775e+06
1.157075741432805313e+06
1.377256735222724965e+06
3.981677392239020672e+06
1.278374376836431911e+06
5.427880954498492181e+06
5.489650758633609861e+06
1.506470768624886870e+07
4.159019536428881693e+05
5.510500625222449889e+05
2.270426626124111935e+06
2.108815420988926198e+06
1.902372695896535006e+05
3.337021090516396333e+06
1.027671884706935845e+06
8.820745905295675620e+06
3.703990048286287929e+05
3.313115964691876248e+07
5.371882180292493431e+05
2.769427301407333463e+07
1.133211357418901753e+06
2.084386024616123177e+06
3.286414242301697843e+06
3.828845466956248856e+05
1.150736582512666937e+06
6.971943356433289591e+05
5.106796319608127815e+05
9.406782889930138364e+06
3.055252584942034446e+05
4.349484540820518509e+06
3.139328675980176777e+05
6.133112583976183087e+05
2.071091950763730332e+07
4.361935487835309468e+06
7.368745807797026646e+04
1.566547578914368898e+07
4.428870406690314994e+05
1.968475986136897281e+07
5.696690376991191879e+06
1.225608879459907999e+06
1.558296205678294413e+07
1.820854079389387742e+06
1.797373221730909310e+06
1.043947081107697915e+06
4.722246877112326911e+05
1.787513740044340957e+05
8.153231161614632001e+05
1.519117936438793689e+07
3.139500738502696622e+06
1.958757114874155668e+05
1.226517270396997919e+06
8.751517513711472973e+06
8.846120570367053151e+06
5.683160973826363916e+05
3.347842404079177650e+05
9.108458908961147070e+06
1.806031018543483224e+05
4.497768801383542828e+06
2.720294612555397325e+05
2.253158535646167584e+06
1.806570674510419602e+06
1.116547917207882856e+05
1.322841357196214958e+05
2.599751591386857443e+06
6.820918050434762612e+06
5.021535476354374550e+06
1.635869581428725086e+07
3.603907928355567274e+05
1.367889911368685542e+06
2.579634796790735272e+05
5.624101338593019173e+05
3.173068277191250818e+05
9.582822256388720125e+05
2.181050502476317342e+06
6.548498070509034442e+05
1.331154331636315957e+07
5.725371923537730239e+06
1.160151248170962371e+07
1.426098694286117097e+05
4.014708659549892764e+05
3.277422620129933115e+06
