2.745328655621833217e-02
6.641647723032499673e-02
-4.812660919847847052e-02
-7.381684730117287277e-03
7.140856041311884062e-02
8.869924975242820045e-03
5.511196337265821497e-03
-8.061022534216286117e-02
4.515028471353099010e-02
5.968030453871714380e-02
-2.123616825044697190e-02
-7.034911512964404272e-04
5.482844463076354952e-02
-2.755677360820867755e-02
-7.698159145298093253e-02
-6.836685648125867543e-02
1.129999794187530951e-02
-5.140198639250816159e-02
-5.598164474302560339e-02
-8.494053082022937073e-02
2.805192298373574908e-02
7.786475633165827748e-02
6.269180104379640239e-02
-7.264539894184855739e-02
-3.905413354756068212e-02
7.601475512607419605e-02
6.420864492955125069e-02
3.872805606884113794e-02
7.508869488707203832e-02
-7.895519016230713449e-02
1.181708025533166444e-02
2.166242083438748786e-02
6.253554623016144287e-02
4.966165820882535026e-02
-5.271154747789534578e-02
1.671679183879991315e-02
4.920918623415086041e-02
-4.788154388265501021e-02
-8.905946359580743654e-02
-1.416330717898426489e-02
6.775170026265493750e-02
-6.190880576586200307e-02
2.970718837113298094e-02
3.182450999203167291e-02
-6.360645124450151067e-02
1.683014762960262367e-02
-1.528776103975871582e-02
1.091792095967657542e-02
-2.360518377428382983e-02
-4.056313863490377397e-02
1.636397795784741080e-02
-1.409614151498642109e-02
2.918918337785547656e-02
-1.948199728680820178e-03
-9.754804755152276380e-03
-8.780712384591181363e-03
1.084948143340337678e-02
3.548509104051218027e-02
3.906642917598396325e-02
1.929822152820800593e-02
1.966510301074152894e-02
3.038385563962178737e-02
-3.921656184403595619e-02
2.810535418966311413e-02
-6.581793175699168774e-02
-4.558844849176853925e-02
-8.006371630144028251e-02
3.085316536720987893e-02
-2.724778931656838751e-02
2.536990789270099009e-02
7.522650824414410520e-02
4.992008783902109927e-03
7.591774114698274234e-02
-6.651944303646240009e-02
-6.813287417355536058e-02
-1.288697346008486032e-02
-9.179038073856244512e-03
3.419998786084613857e-02
-8.218497144392121478e-03
4.880460140891352064e-03
8.373486754684243347e-03
-7.525004029046462872e-02
-5.891037475961800884e-02
6.972930355681790371e-02
4.012163727072866337e-02
-5.838797146555990691e-02
-4.235771601029716948e-02
4.723794738830938006e-02
2.375137703590622998e-02
-7.591795512111537692e-02
3.309783157770249118e-02
-6.114656658901439223e-02
2.405118740304882166e-02
-4.506520197384711844e-03
2.041384166769986963e-02
-5.311488287251420887e-02
-3.123287509457185404e-02
3.358217465121245832e-02
5.316824844843433262e-02
-1.418985303017155503e-02
-3.440378592121977330e-02
-5.931442001600231544e-03
-8.027940462972453506e-02
-9.655344517273090413e-03
1.592151920620782368e-02
5.304109255052595617e-02
3.052706356637299029e-02
-6.151997740611108573e-02
-6.791781257128132188e-02
-7.492929662623619425e-02
4.080167246078555271e-02
3.367542717042833200e-02
2.631067486502615058e-02
1.472988422305033032e-02
5.236887115853531421e-02
-7.316768694227657188e-02
9.880777735820822985e-03
4.917424533150536320e-02
6.875650950257021499e-02
-6.415684039711655462e-02
3.938124552477043072e-02
6.728828972304749800e-03
-5.367670613257247841e-02
-7.641075440000073826e-02
2.699459963144861668e-02
-5.447593763911922488e-02
-5.502112571364566052e-02
1.347532624896232399e-02
3.719101446409361911e-02
2.018660847214001630e-02
-7.579912159771134104e-03
7.741628127882520076e-03
-7.084034865808566672e-02
5.722365594975969971e-02
4.247617586418718678e-03
7.493120019680752503e-03
-7.375095979707683991e-02
6.504107060569581933e-02
-6.693619685502989747e-02
2.269482713557981896e-02
5.505605928188465892e-02
3.578304208528640395e-02
1.517182757689856942e-02
6.044410881351100495e-02
3.051710442108786225e-02
5.470688085802476869e-02
8.810528828865063153e-03
3.780235609522526741e-02
-3.433470985620682564e-02
4.190410039263495201e-02
5.353476438309604651e-02
-5.653765824194200568e-02
-2.759388740108816365e-02
-4.550467110427162953e-02
-2.315506384229393602e-02
6.725621175447128730e-02
-8.511315500982630233e-02
-1.213556649261306013e-02
-5.245711890430915236e-02
-8.892020150437758216e-03
4.094748764608348301e-02
-3.198250320288060361e-02
4.586598104856757369e-02
-6.041370634563197027e-03
-5.198107750678170741e-02
7.636690454624478486e-02
7.745895061322299879e-02
-8.428158927010066803e-02
-2.286005181724105190e-02
3.807495166692269339e-02
-6.979108294960498227e-02
5.989716591168631893e-02
5.799214867141035123e-02
-2.776741452185514658e-02
1.578385358373628547e-02
7.535124962906579460e-02
2.963593295962302018e-02
-1.550963814240012215e-02
-3.148854288093887871e-02
3.808676286902863001e-02
-5.001635092239047065e-03
-6.932773463415022042e-02
3.205481586384288650e-02
-1.555219236648954645e-02
4.881996676717991618e-02
-8.652443586866638559e-02
5.388268920285256558e-02
4.194352365980418690e-02
-8.848620686387947964e-02
-9.383450674078511536e-03
-8.165155027690358669e-02
-3.847455061153418066e-02
7.374945841957562809e-02
-8.146817308031295557e-02
1.483597251614525957e-02
9.040643031817374373e-03
-7.144673591756101408e-03
-3.334775007368055016e-02
6.230278479231138311e-02
1.968212667209039146e-02
